      [38;2;2;6;3m.[38;2;5;14;10m.[0m
     [38;2;14;5;41m.[38;2;52;82;187m#[38;2;62;89;180m#[38;2;38;22;111m:[38;2;15;15;31m.[38;2;5;15;14m.[0m
     [38;2;33;7;93m:[38;2;62;21;188m+[38;2;43;57;173m+[38;2;53;117;207m#[38;2;65;134;211m#[38;2;55;89;194m#[38;2;33;1;101m:[0m                 [38;2;159;107;255mS H E L L Y[0m
    [38;2;5;1;13m.[38;2;47;6;131m:[38;2;65;24;194m+[38;2;59;39;189m+[38;2;51;42;175m+[38;2;44;60;172m+[38;2;54;97;184m#[38;2;72;135;201m@[38;2;63;148;184m@[38;2;41;124;172m#[38;2;26;50;119m+[38;2;8;0;27m.[0m             [38;2;202;173;255m-----------[0m
    [38;2;6;0;16m.[38;2;62;8;172m:[38;2;55;25;169m+[38;2;46;57;178m+[38;2;45;81;199m#[38;2;51;91;210m#[38;2;56;86;207m#[38;2;55;70;194m+[38;2;56;57;192m+[38;2;58;55;191m+[38;2;66;53;202m+[38;2;58;29;155m+[38;2;9;15;22m.[0m
    [38;2;39;6;111m:[38;2;65;17;189m+[38;2;66;25;204m+[38;2;64;18;194m+[38;2;62;8;176m:[38;2;56;12;164m:[38;2;50;35;165m+[38;2;49;69;188m+[38;2;47;100;194m#[38;2;54;118;194m#[38;2;65;129;199m#[38;2;69;136;209m@[38;2;58;130;209m#[38;2;38;107;187m#[38;2;28;55;130m+[38;2;9;10;30m.[0m         [38;2;49;216;224mHost:[0m  [38;2;107;144;255m${HOSTNAME}[0m
   [38;2;20;2;60m.[38;2;73;0;209m:[38;2;65;0;175m:[38;2;54;28;165m+[38;2;56;26;171m+[38;2;63;23;189m+[38;2;67;34;211m+[38;2;66;37;215m+[38;2;38;30;132m:[38;2;37;20;124m:[38;2;49;15;153m:[38;2;46;20;153m:[38;2;43;34;156m+[38;2;44;46;158m+[38;2;54;47;169m+[38;2;62;36;191m+[38;2;63;4;180m:[38;2;13;0;30m.[0m        [38;2;49;216;224mUser:[0m  [38;2;107;144;255m${USER}[0m
   [38;2;20;0;42m.[38;2;65;78;168m#[38;2;45;141;201m#[38;2;51;90;213m#[38;2;73;23;222m+[38;2;70;5;199m+[38;2;58;0;159m:[38;2;56;0;152m: [38;2;31;0;85m.[38;2;58;4;163m:[38;2;59;15;169m:[38;2;56;34;178m+[38;2;56;67;203m+[38;2;55;100;198m#[38;2;56;114;186m#[38;2;49;92;183m#[38;2;20;30;81m:[0m
  [38;2;50;42;115m+[38;2;86;189;225m@[38;2;46;196;230m@[38;2;51;70;212m#[38;2;69;7;195m+[38;2;35;2;96m:[38;2;15;1;41m.[38;2;52;3;146m:[38;2;65;4;183m:[38;2;9;1;27m.[38;2;40;2;112m:[38;2;55;3;154m:[38;2;23;0;63m.[38;2;19;0;50m.[38;2;77;0;210m+[38;2;71;0;201m:[38;2;68;16;207m+[38;2;62;47;208m+[38;2;57;62;212m+[38;2;43;27;140m:[0m       [38;2;49;216;224mPath:[0m  [38;2;107;144;255m${pwd}[0m
 [38;2;42;50;141m+[38;2;56;229;249m@[38;2;21;188;221m@[38;2;49;42;200m+[38;2;75;7;210m+[38;2;55;6;156m:  [38;2;32;2;88m:[38;2;55;3;153m:[38;2;8;0;22m.[38;2;48;3;135m:[38;2;85;4;234m+[38;2;79;4;217m+[38;2;56;3;157m:[38;2;70;5;194m:[38;2;73;5;200m+[38;2;73;1;198m:[38;2;75;0;202m:[38;2;75;0;203m:[38;2;80;8;226m+[38;2;51;3;145m:[0m
[38;2;23;0;57m.[38;2;36;153;231m@[38;2;8;196;216m@[38;2;49;64;205m+[38;2;71;16;202m+[38;2;69;9;199m+[38;2;75;4;208m+[38;2;54;3;150m:[38;2;26;1;72m.[38;2;6;0;17m.   [38;2;11;1;31m.[38;2;33;2;91m:[38;2;63;3;175m:[38;2;75;3;207m+[38;2;74;3;203m+[38;2;72;3;200m:[38;2;66;0;179m:[38;2;60;0;171m:[38;2;61;0;172m:[38;2;63;2;175m:[0m      [38;2;49;216;224mBuild:[0m [38;2;107;144;255m${shelly}[0m
[38;2;28;0;73m.[38;2;48;105;225m#[38;2;37;117;207m#[38;2;63;42;205m+[38;2;68;14;201m+[38;2;72;5;201m+[38;2;64;3;177m:[38;2;78;4;216m+[38;2;81;4;224m+[38;2;74;4;204m+[38;2;66;3;183m:[38;2;9;0;25m.[38;2;28;1;78m.[38;2;28;1;77m.  [38;2;51;3;142m:[38;2;67;2;186m:[38;2;48;2;134m:[38;2;52;28;159m+[38;2;59;58;173m+[38;2;62;71;175m+[38;2;54;51;161m+[38;2;32;21;98m:[38;2;5;4;15m.[0m           [38;2;107;144;255m${build_date} - ${build_time}[0m
[38;2;7;0;14m.[38;2;56;44;185m+[38;2;52;104;223m#[38;2;65;29;198m+[38;2;70;6;198m+[38;2;76;6;214m+[38;2;39;2;111m:[38;2;19;1;53m.[38;2;58;3;161m:[38;2;69;4;190m:[38;2;75;3;209m+[38;2;10;0;29m.[38;2;50;2;141m:[38;2;80;3;225m+[38;2;17;1;48m. [38;2;40;2;114m:[38;2;31;4;85m:[38;2;28;74;140m+[38;2;20;153;163m#[38;2;49;210;205m@[38;2;85;236;239m@[38;2;59;175;221m@[38;2;66;40;217m+[38;2;67;0;178m:[38;2;12;0;33m.[0m          [38;2;107;144;255m${version}[0m
 [38;2;15;2;38m.[38;2;48;79;189m#[38;2;49;121;230m#[38;2;59;48;205m+[38;2;72;4;204m+[38;2;57;0;158m:[38;2;41;1;114m:[38;2;48;2;135m:[38;2;47;2;130m:[38;2;48;2;135m: [38;2;33;2;94m:[38;2;43;2;121m:[38;2;39;2;109m:[38;2;65;3;181m:[38;2;59;2;164m:   [38;2;0;20;17m.[38;2;0;151;130m#[38;2;4;255;217m@[38;2;44;66;189m+[38;2;71;29;220m+[38;2;43;20;131m:[0m
  [38;2;8;0;13m.[38;2;34;44;121m+[38;2;44;105;207m#[38;2;56;82;223m#[38;2;68;33;216m+[38;2;75;10;215m+[38;2;76;3;208m+[38;2;73;3;200m:[38;2;76;3;209m+[38;2;22;1;62m.[38;2;26;0;73m.[38;2;78;2;216m+[38;2;80;3;220m+[38;2;77;4;212m+[38;2;76;4;211m+[38;2;49;3;135m:[38;2;24;0;68m.[38;2;17;0;49m. [38;2;1;98;85m+[38;2;23;143;205m#[38;2;67;75;207m#[38;2;79;145;235m@[38;2;24;12;77m:[0m   [38;2;49;216;224mhttps://github.com/cstrainge/shelly[0m
    [38;2;12;0;25m.[38;2;30;26;104m:[38;2;49;45;171m+[38;2;66;35;205m+[38;2;73;19;215m+[38;2;75;10;213m+[38;2;76;6;212m+[38;2;72;6;202m+[38;2;37;10;110m:[38;2;38;8;110m:[38;2;52;4;145m:[38;2;58;0;159m:[38;2;58;0;161m:[38;2;59;0;164m:[38;2;50;2;140m:[38;2;32;21;96m:[38;2;25;78;121m+[38;2;37;139;221m#[38;2;52;132;225m#[38;2;70;143;200m@[38;2;32;29;80m:[0m
       [38;2;14;2;38m.[38;2;30;8;87m:[38;2;46;10;132m:[38;2;58;9;163m:[38;2;66;7;185m:[38;2;71;15;209m+[38;2;61;33;197m+[38;2;53;49;183m+[38;2;51;61;177m+[38;2;50;71;172m+[38;2;58;84;166m#[38;2;62;98;167m#[38;2;51;113;181m#[38;2;38;109;178m#[38;2;24;79;127m+[38;2;17;41;69m:[0m
            [38;2;9;0;25m.[38;2;15;0;41m.[38;2;19;2;54m.[38;2;18;8;56m.[38;2;17;12;54m.[38;2;15;13;46m.[38;2;10;9;32m.[0m
